100
1 1000000000
89784519 103811134
50979851 733216221
171329332 418580628
123905259 755565730
427179538 677407359
243896428 791246640
444446178 492806755
187339538 484177206
125865754 699129690
169802456 614868850
192215942 938242938
296756780 884885994
19485899 473633363
396312466 513969782
11949158 853358071
109622770 520785556
371207145 376610977
216265183 869656193
239126973 256323473
69813108 135732543
300412404 992454885
211862306 445042102
238798186 355417581
262265687 982116339
173781755 707552013
284041916 351822523
285923330 778061319
475987418 760500233
406702836 924161907
12674117 147597721
391382449 880481817
152903611 619375356
59029698 826656218
158230678 538524486
326785037 691884170
228027929 677103608
283898639 731619404
116638768 667591545
397617830 579832266
33943384 91914899
37497644 419225355
1958906 702508377
64933362 594873842
28203780 181144905
455413546 758771175
357655346 370055317
210341246 555409408
413246428 522918735
447921373 880780558
407717959 746079740
163166700 875944724
298101393 884597840
143668007 819051415
455762601 675354425
175047687 419367997
204585377 843122768
112215140 545263430
141211904 921031437
51637991 879522412
54251271 850161040
66118860 261736652
438245553 550036028
187409002 342372053
73848251 193531714
342694078 776348675
110098181 888761424
299683605 764262215
120073052 943963023
82729270 290571072
69851118 224382481
470502344 637429590
330405157 757046658
329966829 905357457
169185858 855117887
212121264 336009838
143508830 414833911
16303712 589527264
410826987 528030997
197082485 233669728
303003189 531906879
97511200 198585972
62054624 631938166
378648045 764981804
494482241 981860655
84086465 806659924
394057299 991603290
477280734 727986612
206453450 687473177
246922491 419417467
96149878 135411388
491685010 945834345
147605205 966616572
162535422 435479079
372984220 641890828
27628229 758903428
459338267 572049475
69163630 362517007
285652724 360248157
1000000000 1000000000