152
311
160
335
110
42
447
244
259
520
186
448
402
463
270
543
42
560
274
20
697
112
396
376
613
186
770
486
395
284
207
840
78
325
296
387
300
656
189
446
433
842
57
870
88
814
76
351
555
413
49
426
52
458
202
390
380
253
414
80
547
579
353
643
16
367
273
858
44
327
540
771
86
715
166
646
279
598
75
802
172
471
482
750
34
383
70
879
18
636
234
228
147
756
145
775
21
534
234
649
215
249
603
117
211
554
281
117
780
277
204
634
188
327
412
572
257
819
31
576
363
201
24
425
512
86
75
474
399
324
59
47
328
597
182
370
181
300
344
887
82
141
289
672
319
25
962
407
97
500
270
1
398
94
301
374
194
37
822
199
677
894
30
723
71
167
795
808
15
186
712
813
28
707
282
626
283
834
18
480
97
508
21
505
180
302
137
298
41
653
145
842
39
667
10
500
389
830
119
759
82
348
509
298
102
771
141
443
39
560
86
395
361
95
750
570
243
746
197
26
727
639
196
308
88
780
157
74
497
57
351
60
391
116
485
598
382
443
133
855
84
43
302
588
401
409
145
583
355
237
297
254
499
474
211
250
12
133
370
127
802
687
97
188
128
843
39
208
767
281
526
734
170
708
281
748
59
132
463
577
281
94
346
186
487
384
476
889
76
499
418
53
438
32
415
155
788
309
173
830
32
143
387
620
46