5
99
1 4 29 1 2 2 2 3 1 1 1 1 1 1 1 1 1 2 10 1 1 2 6 21 3 5 19 1 1 1 2 1 1 2 1 1 4 1 1 1 1 1 1 2 1 1 1 60 2 2 1 1 1 1 1 4 1 3 1 13 2 1 1 1 1 3 1 1 1 10 38 11 1 1 1 1 1 4 1 1 2 12 7 1 1 1 1 1 1 1 1 1 1 2 1 1 5 5 1
99
1 1 1 1 2 1 1 1 1 1 27 1 1 1 1 1 1 1 3 2 1 1 1 1 1 1 7 1 1 1 1 1 1 1 1 1 2 8 1 1 1 1 1 1 1 1 9 1 2 1 1 1 1 2 1 1 29 7 18 1 1 1 1 1 1 2 1 3 1 1 1 1 1 1 1 8 2 1 1 2 2 1 3 1 2 4 1 1 1 2 2 6 3 3 6 3 1 1 1
99
1 1 1 1 3 1 1 1 16 1 1 10 5 1 1 1 1 4 2 6 2 1 3 1 1 1 1 1 1 2 1 1 1 1 1 1 1 2 1 1 4 1 1 3 1 1 1 1 1 1 1 1 9 1 1 11 3 3 6 2 4 1 1 12 15 3 1 1 5 5 1 2 6 3 1 1 1 3 1 4 2 2 1 1 1 2 2 2 2 2 2 1 1 3 1 1 2 2 2
99
1 1 1 1 1 1 1 1 1 4 1 1 14 5 1 2 1 1 16 8 8 2 1 1 1 1 1 3 1 1 1 2 1 1 16 8 3 1 1 1 1 1 1 1 7 2 4 4 4 20 4 4 1 1 1 1 3 3 3 1 1 36 1 1 1 1 1 1 1 5 10 2 1 1 6 2 4 2 2 4 6 2 4 1 1 7 13 1 8 1 1 1 1 1 1 1 1 1 1
99
3 1 2 1 7 1 11 1 1 5 1 2 1 177 12 2 2 1 1 2 2 27 1 1 1 1 1 1 1 1 16 2 1 1 1 1 2 2 1 1 1 1 1 1 2 1 1 2 6 2 2 1 1 2 2 2 1 1 1 1 1 1 11 3 4 4 10 1 1 1 1 1 5 5 1 1 1 1 1 1 2 1 1 1 1 1 1 1 1 4 1 11 2 4 2 2 1 1 1